f=[170.8582;-17.7254;41.2582;2.2182;131.8182];% zui hou jian 500000
A=[1 -0.17037 -0.5324 0 1;
    0 0.17037 0.5324 0 0;
    1 0.32 1 0 0;
    0 1 0 0 0;
    0 0 1 1 0;
    0 0 0 -1 -1];
b=[0;88815;166805;521265.625;683400;-660000];
[x,fval,exitflag,output,lambda]=linprog(-f,A,b,[],[],zeros(5,1))
fval=-fval-500000